1 42 81
2 42 42
3 68 56
4 68 25
5 77 14
6 57 63
7 17 75
8 19 41
9 94 19
10 34 12
11 87 25
12 27 37
13 99 10
14 30 86
15 59 6
16 100 46
17 30 7
18 38 18
19 86 79
20 69 8
21 53 51
22 59 53
23 40 38
24 96 100
25 57 82
26 70 70
27 84 24
28 47 57
29 86 15
30 28 97
31 61 19
32 56 77
33 24 85
34 75 35
35 39 6
36 53 15
37 85 98
38 83 14
39 58 2
40 47 80
41 68 53
42 29 63
43 49 48
44 3 59
45 78 25
46 11 56
47 36 71
48 84 15
49 12 81
50 37 2
51 39 68
52 14 34
53 83 47
54 53 82
55 32 46
56 62 21
57 94 79
58 16 80
59 80 6
60 7 68
61 76 10
62 50 84
63 33 77
64 61 24
65 82 33
66 53 18
67 25 58
68 81 100
69 40 14
70 65 55
71 25 75
72 67 79
73 17 4
74 85 1
75 46 13
76 50 42
77 6 48
78 69 45
79 92 18
80 11 84
81 91 39
82 50 3
83 1 36
84 18 91
85 89 79
86 44 15
87 34 81
88 55 6
89 44 96
90 54 65
91 2 2
92 97 90
93 57 42
94 8 57
95 36 98
96 58 71
97 69 59
98 68 54
99 72 50
100 92 90
101 52 79
102 69 50
103 58 80
104 1 90
105 91 63
106 55 20
107 2 97
108 64 88
109 50 4
110 100 35
111 97 16
112 50 9
113 37 23
114 23 27
115 54 3
116 25 28
117 11 69
118 33 43
119 98 63
120 15 6
121 85 45
122 98 10
123 82 57
124 79 12
125 95 99
126 52 88
127 8 33
128 82 25
129 67 28
130 16 17
131 66 63
132 59 75
133 20 56
134 2 86
135 33 82
136 39 60
137 100 83
138 9 4
139 87 75
140 89 46
141 86 61
142 88 2
143 45 41
144 75 93
145 56 47
146 82 72
147 25 76
148 59 57
149 52 10
150 22 8
151 88 31
152 54 46
153 43 51
154 99 18
155 84 19
156 64 2
157 9 80
158 53 89
159 31 59
160 5 87
161 86 3
162 25 32
163 26 8
164 73 35
165 28 31
166 25 76
167 71 84
168 8 17
169 82 3
170 13 67
171 78 52
172 62 91
173 34 42
174 46 47
175 31 96
176 72 36
177 99 100
178 26 91
179 98 16
180 88 61
181 47 93
182 21 98
183 41 34
184 41 6
185 13 6
186 53 47
187 69 40
188 96 99
189 63 81
190 43 7
191 56 16
192 19 64
193 57 42
194 56 78
195 32 83
196 33 83
197 44 25
198 36 39
199 34 64
200 44 47
201 100 28
202 49 54
203 96 16
204 94 96
205 18 68
206 92 82
207 79 26
208 35 71
209 78 37
210 27 3
211 65 34
212 37 33
213 93 92
214 53 22
215 67 91
216 66 45
217 99 18
218 85 17
219 51 39
220 35 88
221 69 99
222 82 30
223 59 11
224 56 77
225 20 29
226 83 37
227 80 25
228 5 47
229 64 1
230 84 84
231 36 59
232 15 8
233 42 82
234 35 68
235 95 79
236 100 1
237 90 43
238 52 27
239 1 54
240 46 30
241 5 3
242 73 61
243 26 91
244 88 53
245 71 92
246 94 84
247 64 47
248 11 51
249 77 62
250 45 50
251 16 64
252 25 28
253 92 46
254 78 71
255 12 21
256 97 42
257 79 66
258 16 98
259 18 41
260 88 2
261 73 37
262 82 15
263 7 84
264 73 48
265 28 89
266 18 19
267 45 32
268 14 41
269 39 6
270 21 97
271 1 33
272 84 45
273 24 33
274 76 76
275 41 47
276 67 8
277 70 68
278 96 36
279 35 26
280 86 38
281 7 66
282 83 88
283 11 41
284 39 4
285 18 78
286 48 18
287 12 41
288 60 18
289 83 70
290 10 76
291 58 44
292 79 33
293 57 78
294 85 19
295 1 24
296 46 40
297 2 96
298 26 60
299 57 7
300 47 81
301 99 98
302 71 8
303 8 35
304 13 63
305 91 73
306 73 1
307 42 85
308 4 59
309 44 45
310 79 77
311 68 23
312 61 84
313 98 32
314 61 55
315 32 63
316 31 60
317 49 46
318 34 75
319 61 96
320 11 90
321 22 84
322 25 24
323 37 1
324 44 8
325 62 99
326 60 69
327 49 51
328 11 24
329 1 15
330 95 34
331 23 17
332 23 69
333 48 30
334 38 82
335 4 59
336 69 77
337 3 48
338 10 40
339 26 50
340 9 85
341 31 71
342 56 64
343 39 95
344 27 18
345 44 26
346 77 16
347 59 29
348 39 55
349 32 67
350 50 1
351 49 86
352 33 62
353 21 58
354 61 86
355 26 2
356 8 18
357 23 13
358 77 33
359 39 72
360 46 20
361 31 71
362 94 26
363 11 54
364 34 92
365 77 31
366 90 69
367 43 38
368 49 14
369 74 29
370 1 68
371 72 37
372 9 3
373 6 85
374 89 20
375 16 22
376 8 3
377 11 92
378 10 31
379 76 5
380 74 50
381 79 56
382 31 69
383 22 74
384 54 37
385 33 49
386 46 5
387 92 29
388 76 68
389 100 31
390 71 46
391 32 44
392 5 51
393 18 80
394 37 72
395 21 6
396 81 3
397 58 1
398 87 97
399 72 48
400 7 47
401 6 30
402 88 15
403 15 67
404 16 17
405 93 40
406 52 86
407 51 15
408 49 40
409 73 68
410 28 80
411 63 100
412 63 97
413 10 26
414 73 34
415 62 37
416 78 4
417 9 92
418 32 30
419 41 14
420 2 49
421 49 67
422 34 36
423 58 7
424 87 65
425 65 38
426 78 59
427 54 8
428 14 57
429 99 60
430 74 31
431 14 48
432 1 55
433 82 99
434 69 50
435 17 48
436 54 78
437 24 43
438 83 77
439 92 43
440 4 28
441 80 27
442 95 86
443 97 33
444 28 79
445 17 65
446 60 53
447 36 2
448 73 86
449 81 52
450 68 96
451 96 6
452 20 59
453 78 34
454 35 9
455 98 64
456 60 24
457 60 40
458 35 76
459 56 13
460 7 91
461 88 67
462 22 31
463 11 7
464 98 4
465 50 86
466 7 39
467 65 56
468 64 79
469 67 72
470 96 95
471 8 90
472 62 32
473 23 92
474 75 49
475 8 41
476 5 33
477 8 100
478 84 50
479 52 94
480 27 72
481 21 73
482 56 60
483 53 49
484 97 51
485 27 43
486 32 35
487 9 88
488 48 86
489 71 71
490 70 6
491 65 100
492 58 57
493 97 2
494 78 5
495 87 36
496 9 84
497 14 45
498 78 90
499 31 22
500 84 44
501 30 72
502 42 82
503 90 11
504 88 44
505 74 33
506 69 7
507 94 8
508 92 22
509 31 64
510 25 24
511 82 5
512 40 74
513 57 66
514 74 94
515 36 82
516 85 64
517 29 96
518 51 83
519 18 82
520 67 67
521 26 62
522 22 82
523 75 74
524 93 82
525 15 54
526 60 48
527 44 96
528 48 99
529 50 92
530 42 71
531 72 74
532 96 36
533 34 62
534 49 82
535 89 58
536 61 11
537 22 51
538 27 18
539 30 45
540 66 11
541 95 97
542 39 56
543 63 34
544 25 31
545 57 16
546 80 13
547 86 30
548 8 72
549 78 10
550 10 8
551 85 15
552 25 89
553 57 38
554 71 32
555 52 7
556 67 11
557 40 15
558 27 76
559 63 87
560 18 30
561 2 96
562 84 77
563 94 6
564 95 24
565 97 88
566 2 60
567 79 13
568 21 54
569 21 53
570 31 14
571 76 21
572 92 52
573 6 78
574 31 61
575 29 30
576 65 48
577 54 62
578 4 14
579 29 41
580 55 71
581 88 52
582 7 7
583 70 7
584 39 57
585 45 3
586 9 44
587 55 18
588 12 95
589 78 97
590 71 31
591 25 12
592 100 25
593 63 93
594 50 85
595 67 99
596 80 35
597 41 38
598 11 48
599 87 38
600 12 65
601 52 16
602 83 16
603 32 8
604 56 69
605 82 96
606 96 9
607 30 57
608 91 9
609 78 41
610 37 77
611 7 6
612 72 75
613 94 19
614 9 3
615 97 97
616 11 34
617 88 68
618 77 53
619 80 68
620 64 20
621 60 7
622 64 31
623 4 72
624 40 59
625 59 39
626 94 38
627 77 40
628 21 30
629 77 54
630 86 85
631 54 61
632 54 35
633 44 7
634 73 96
635 74 45
636 36 53
637 6 34
638 5 9
639 57 50
640 49 1
641 55 65
642 52 13
643 46 58
644 41 45
645 31 78
646 88 25
647 6 54
648 3 58
649 100 54
650 89 19
651 48 100
652 48 99
653 22 61
654 67 8
655 50 3
656 15 61
657 48 73
658 55 1
659 10 99
660 74 89
661 41 49
662 81 8
663 78 20
664 27 93
665 84 8
666 52 42
667 34 69
668 79 8
669 58 57
670 4 20
671 1 90
672 38 37
673 31 29
674 87 43
675 68 20
676 76 44
677 57 59
678 32 25
679 81 94
680 62 46
681 96 76
682 83 59
683 45 79
684 54 79
685 64 77
686 34 59
687 98 24
688 46 71
689 29 19
690 4 46
691 25 5
692 17 59
693 1 38
694 10 81
695 56 52
696 83 7
697 36 12
698 16 41
699 76 71
700 1 11
701 50 41
702 84 40
703 16 89
704 3 100
705 36 14
706 87 2
707 96 89
708 15 38
709 8 31
710 78 43
711 27 12
712 88 49
713 48 36
714 5 49
715 28 97
716 4 54
717 26 5
718 11 60
719 64 4
720 24 64
721 26 95
722 19 16
723 46 93
724 27 65
725 93 99
726 76 19
727 13 16
728 39 76
729 60 38
730 38 13
731 13 84
732 66 30
733 54 45
734 17 13
735 81 30
736 94 59
737 1 80
738 81 55
739 94 97
740 53 28
741 10 97
742 48 50
743 46 29
744 61 40
745 48 11
746 77 41
747 90 97
748 84 52
749 52 65
750 32 51
751 12 74
752 65 81
753 55 91
754 71 52
755 61 24
756 77 23
757 98 1
758 27 71
759 39 78
760 86 21
761 40 44
762 28 60
763 40 32
764 46 89
765 55 42
766 24 81
767 13 22
768 36 86
769 10 34
770 23 98
771 10 39
772 22 89
773 12 59
774 60 62
775 32 4
776 21 14
777 88 32
778 94 30
779 58 48
780 16 31
781 35 31
782 3 95
783 30 43
784 85 29
785 12 23
786 65 65
787 58 30
788 5 64
789 70 59
790 55 16
791 60 95
792 91 37
793 92 63
794 64 79
795 4 90
796 2 95
797 83 35
798 35 1
799 70 100
800 42 96
801 72 57
802 47 14
803 49 52
804 66 38
805 83 86
806 48 57
807 80 66
808 12 37
809 92 21
810 8 85
811 92 90
812 91 89
813 85 48
814 3 92
815 55 87
816 88 41
817 21 36
818 11 73
819 86 38
820 69 53
821 7 26
822 52 35
823 31 78
824 52 73
825 88 94
826 12 93
827 23 23
828 68 16
829 12 94
830 16 84
831 53 33
832 14 86
833 85 65
834 28 64
835 77 48
836 45 3
837 25 61
838 78 37
839 50 27
840 11 46
841 77 18
842 47 73
843 52 38
844 1 18
845 68 71
846 80 68
847 37 85
848 62 65
849 23 90
850 7 81
851 47 49
852 80 13
853 19 66
854 18 8
855 24 16
856 80 37
857 41 54
858 34 16
859 64 19
860 46 94
861 85 28
862 21 96
863 15 93
864 66 43
865 55 9
866 2 60
867 12 70
868 96 31
869 8 97
870 73 34
871 38 70
872 24 16
873 37 33
874 84 75
875 26 33
876 94 63
877 47 30
878 54 25
879 86 66
880 27 73
881 8 48
882 91 52
883 75 43
884 42 81
885 100 34
886 34 30
887 23 65
888 3 32
889 37 47
890 49 21
891 20 13
892 71 63
893 26 24
894 56 38
895 11 11
896 93 37
897 68 81
898 13 77
899 53 23
900 9 71
901 39 93
902 69 5
903 52 40
904 65 77
905 34 36
906 73 79
907 6 91
908 79 8
909 6 90
910 90 3
911 97 2
912 96 48
913 6 84
914 41 28
915 69 55
916 83 1
917 81 91
918 7 82
919 57 72
920 37 27
921 66 72
922 65 47
923 57 94
924 95 99
925 87 36
926 60 61
927 80 36
928 71 37
929 58 59
930 82 4
931 27 18
932 10 18
933 66 3
934 78 82
935 1 48
936 41 70
937 35 99
938 48 44
939 96 31
940 10 84
941 53 62
942 54 71
943 86 20
944 51 50
945 100 95
946 16 73
947 45 18
948 51 80
949 2 72
950 32 96
951 8 34
952 83 53
953 7 46
954 26 83
955 40 81
956 46 88
957 24 76
958 13 62
959 48 39
960 76 18
961 16 37
962 51 32
963 48 52
964 58 26
965 37 72
966 53 16
967 95 32
968 20 2
969 99 71
970 59 35
971 73 97
972 53 96
973 60 31
974 60 25
975 53 65
976 38 84
977 10 35
978 80 81
979 95 99
980 66 87
981 35 95
982 43 23
983 54 70
984 87 55
985 4 8
986 32 89
987 2 27
988 56 83
989 29 30
990 31 77
991 50 93
992 48 42
993 38 59
994 62 86
995 27 77
996 41 88
997 5 99
998 100 92
999 92 5
1000 66 78
