1 18 100
2 51 76
3 68 26
4 44 79
5 46 64
6 65 18
7 66 1
8 52 80
9 47 93
10 3 66
11 71 72
12 99 47
13 59 60
14 70 32
15 31 33
16 44 69
17 82 93
18 74 12
19 23 1
20 58 74
21 50 57
22 11 20
23 92 96
24 88 75
25 1 1
26 43 92
27 12 58
28 8 88
29 98 38
30 37 75
31 33 50
32 88 56
33 52 16
34 19 25
35 88 4
36 21 41
37 21 72
38 35 81
39 11 44
40 12 39
41 64 27
42 94 38
43 86 6
44 47 90
45 87 3
46 23 59
47 25 2
48 69 90
49 25 19
50 14 12
51 47 3
52 7 24
53 95 81
54 21 44
55 100 13
56 18 60
57 15 33
58 92 19
59 56 88
60 19 86
61 96 29
62 90 83
63 54 56
64 14 71
65 59 92
66 1 56
67 81 89
68 42 15
69 61 4
70 66 2
71 5 18
72 51 14
73 89 50
74 78 3
75 63 36
76 82 85
77 86 87
78 41 31
79 80 97
80 72 63
81 27 66
82 54 14
83 10 39
84 42 6
85 21 22
86 65 6
87 62 12
88 43 60
89 40 2
90 79 51
91 74 37
92 58 57
93 54 17
94 81 40
95 20 80
96 11 9
97 37 89
98 28 77
99 77 100
100 17 24
101 89 81
102 50 44
103 83 94
104 62 96
105 19 9
106 51 38
107 78 63
108 85 55
109 10 43
110 41 53
111 62 35
112 26 67
113 90 49
114 84 81
115 90 97
116 69 39
117 87 15
118 61 45
119 26 49
120 15 97
121 34 88
122 19 49
123 94 92
124 55 7
125 64 61
126 77 91
127 41 60
128 30 24
129 24 19
130 61 15
131 75 34
132 15 49
133 8 11
134 15 56
135 98 65
136 64 18
137 49 97
138 6 7
139 3 34
140 70 4
141 54 79
142 69 81
143 30 75
144 88 47
145 8 85
146 95 90
147 53 34
148 7 19
149 77 61
150 7 30
151 17 45
152 39 49
153 8 86
154 12 12
155 1 62
156 20 36
157 94 74
158 77 3
159 40 6
160 65 81
161 47 77
162 22 91
163 42 78
164 45 46
165 61 89
166 93 78
167 19 27
168 84 8
169 54 50
170 53 29
171 67 15
172 38 46
173 86 9
174 2 42
175 27 63
176 52 55
177 19 22
178 74 93
179 42 2
180 81 40
181 27 67
182 50 9
183 61 28
184 81 24
185 25 89
186 86 41
187 53 42
188 8 97
189 20 80
190 39 9
191 13 98
192 36 95
193 86 52
194 100 28
195 40 21
196 26 58
197 81 36
198 64 34
199 79 59
200 12 45
