1 95 18
2 67 19
3 77 5
4 21 26
5 22 15
6 74 64
7 22 28
8 92 18
9 7 60
10 63 21
11 64 10
12 64 58
13 20 3
14 11 71
15 4 67
16 97 91
17 27 72
18 11 7
19 59 24
20 54 49
21 46 64
22 72 78
23 37 47
24 81 57
25 46 19
26 7 7
27 33 1
28 76 26
29 11 60
30 53 46
31 98 80
32 21 42
33 89 46
34 56 8
35 44 3
36 82 76
37 50 55
38 96 47
39 55 79
40 76 97
41 69 2
42 50 20
43 14 65
44 92 12
45 95 82
46 36 53
47 5 40
48 45 72
49 45 50
50 90 23
51 56 37
52 99 23
53 8 16
54 98 99
55 69 87
56 75 98
57 27 80
58 77 65
59 33 71
60 32 13
61 25 55
62 31 81
63 82 34
64 74 9
65 27 42
66 50 95
67 46 11
68 2 29
69 73 87
70 58 40
71 86 60
72 44 40
73 70 5
74 78 6
75 79 58
76 15 27
77 67 33
78 14 18
79 77 75
80 24 33
81 64 92
82 59 24
83 10 33
84 59 12
85 62 56
86 85 96
87 91 50
88 32 15
89 29 9
90 95 38
91 55 71
92 26 15
93 58 99
94 45 14
95 97 63
96 63 48
97 14 28
98 97 99
99 81 43
100 49 67
101 17 84
102 30 39
103 99 9
104 22 3
105 48 56
106 56 65
107 63 38
108 5 21
109 71 81
110 81 64
111 26 45
112 95 34
113 34 84
114 44 28
115 35 100
116 6 41
117 64 70
118 82 40
119 55 36
120 8 79
121 90 22
122 47 87
123 15 26
124 40 9
125 32 32
126 9 1
127 65 78
128 79 30
129 80 17
130 97 22
131 83 4
132 80 24
133 5 57
134 35 27
135 62 55
136 80 85
137 97 20
138 10 9
139 20 100
140 50 71
141 31 6
142 41 67
143 22 10
144 8 10
145 61 24
146 7 9
147 82 93
148 48 74
149 93 3
150 91 53
151 45 52
152 23 51
153 72 12
154 16 99
155 25 96
156 77 79
157 78 61
158 2 18
159 56 52
160 26 68
161 7 52
162 18 49
163 51 49
164 10 64
165 93 48
166 62 81
167 68 77
168 69 98
169 27 96
170 2 84
171 47 77
172 7 8
173 31 83
174 59 36
175 16 21
176 33 65
177 48 37
178 23 96
179 87 81
180 73 26
181 8 50
182 86 27
183 82 15
184 30 43
185 38 71
186 10 28
187 46 53
188 21 88
189 76 78
190 36 20
191 61 73
192 52 25
193 14 63
194 45 79
195 41 60
196 18 40
197 17 54
198 1 36
199 31 61
200 81 52
